Statistics:

             001_d        001_r        002_d        002_r        004_d        004_r        008_d        008_r         016_d         016_r         032_d         032_r         064_d         064_r         128_d         128_r         256_r
count  1000.000000  1000.000000  2000.000000  2000.000000  4000.000000  4000.000000  8000.000000  8000.000000  16000.000000  16000.000000  16000.000000  16000.000000  16000.000000  16000.000000  16000.000000  16000.000000  16000.000000
mean      0.084348     0.037717     0.087789     0.097000     0.142497     0.146839     0.283256     0.334443      0.606059      0.611125      0.237505      0.263701      0.089163      0.240324      0.010991      0.920307      1.352004
std       0.056347     0.037808     0.069261     0.074146     0.127648     0.117144     0.263280     0.291161      0.569671      0.561630      0.319540      0.342846      0.101020      0.098605      0.011340      0.568703      0.701545
min       0.000105     0.000842     0.000067     0.000203     0.000086     0.000742     0.000142     0.000380      0.000130      0.001209      0.000416      0.001448      0.000308      0.001230      0.000314      0.000071      0.009665
25%       0.003239     0.005228     0.000236     0.000739     0.000292     0.015125     0.019072     0.038494      0.012043      0.028659      0.028001      0.018204      0.003946      0.206236      0.005100      0.425735      0.805685
50%       0.118551     0.029139     0.086006     0.106523     0.151019     0.154681     0.247727     0.283521      0.504681      0.497885      0.047109      0.061466      0.009882      0.218039      0.008455      0.952858      1.331584
75%       0.125188     0.058104     0.160943     0.168650     0.241981     0.253651     0.530503     0.599421      1.118283      1.065992      0.430544      0.463762      0.213515      0.234560      0.011868      1.467896      1.949962
max       0.131203     0.164185     0.180269     0.209540     0.369497     0.346041     0.776108     0.918261      1.724125      1.800703      1.157152      1.216716      0.246286      0.621729      0.094193      1.806509      2.606199

Mode:

       001_d     001_r     002_d     002_r     004_d     004_r     008_d     008_r     016_d     016_r     032_d     032_r     064_d     064_r     128_d    128_r     256_r
0   0.000114  0.001315  0.000114  0.000273  0.000144  0.004843  0.005141  0.038494  0.000235  0.019645  0.001379  0.007389  0.003058  0.207693  0.006191  0.00018  0.325019
1   0.000119  0.001617       NaN  0.000304       NaN  0.006383  0.167435       NaN  0.000283  0.020640  0.028064  0.007881  0.003160  0.209494  0.008306      NaN  0.489922
2   0.000140  0.094738       NaN  0.000323       NaN  0.006420       NaN       NaN  0.000308  0.021603  0.035558  0.007989  0.003175  0.211344  0.008497      NaN  0.512625
3   0.000149       NaN       NaN  0.000328       NaN  0.006520       NaN       NaN  0.000979       NaN  0.035603  0.008141  0.003268  0.215061  0.008563      NaN  0.720593
4   0.000183       NaN       NaN  0.000330       NaN  0.006744       NaN       NaN  0.004291       NaN  0.048814  0.008341  0.003277  0.225224  0.009833      NaN  0.763771
5   0.000193       NaN       NaN  0.000370       NaN  0.007340       NaN       NaN  0.005635       NaN  0.050136  0.008547  0.003565  0.231923  0.011344      NaN  0.808999
6   0.000320       NaN       NaN  0.000424       NaN  0.007867       NaN       NaN  0.010745       NaN       NaN  0.008789  0.004307       NaN  0.012024      NaN  0.861705
7   0.003371       NaN       NaN       NaN       NaN  0.008100       NaN       NaN       NaN       NaN       NaN  0.009691  0.005172       NaN       NaN      NaN  1.138757
8   0.124150       NaN       NaN       NaN       NaN  0.008106       NaN       NaN       NaN       NaN       NaN  0.010822  0.007130       NaN       NaN      NaN  1.178701
9   0.124246       NaN       NaN       NaN       NaN  0.008520       NaN       NaN       NaN       NaN       NaN  0.056323       NaN       NaN       NaN      NaN  1.197308
10  0.130786       NaN       NaN       NaN       NaN  0.008808       NaN       NaN       NaN       NaN       NaN  0.060907       NaN       NaN       NaN      NaN  1.331731