Statistics:

             001_d        001_r        002_d        002_r        004_d        004_r        008_d        008_r         016_d         016_r
count  1000.000000  1000.000000  2000.000000  2000.000000  4000.000000  4000.000000  8000.000000  8000.000000  16000.000000  16000.000000
mean      0.084348     0.037717     0.087789     0.097000     0.142497     0.146839     0.283256     0.334443      0.606059      0.611125
std       0.056347     0.037808     0.069261     0.074146     0.127648     0.117144     0.263280     0.291161      0.569671      0.561630
min       0.000105     0.000842     0.000067     0.000203     0.000086     0.000742     0.000142     0.000380      0.000130      0.001209
25%       0.003239     0.005228     0.000236     0.000739     0.000292     0.015125     0.019072     0.038494      0.012043      0.028659
50%       0.118551     0.029139     0.086006     0.106523     0.151019     0.154681     0.247727     0.283521      0.504681      0.497885
75%       0.125188     0.058104     0.160943     0.168650     0.241981     0.253651     0.530503     0.599421      1.118283      1.065992
max       0.131203     0.164185     0.180269     0.209540     0.369497     0.346041     0.776108     0.918261      1.724125      1.800703

Mode:

       001_d     001_r     002_d     002_r     004_d     004_r     008_d     008_r     016_d     016_r
0   0.000114  0.001315  0.000114  0.000273  0.000144  0.004843  0.005141  0.038494  0.000235  0.019645
1   0.000119  0.001617       NaN  0.000304       NaN  0.006383  0.167435       NaN  0.000283  0.020640
2   0.000140  0.094738       NaN  0.000323       NaN  0.006420       NaN       NaN  0.000308  0.021603
3   0.000149       NaN       NaN  0.000328       NaN  0.006520       NaN       NaN  0.000979       NaN
4   0.000183       NaN       NaN  0.000330       NaN  0.006744       NaN       NaN  0.004291       NaN
5   0.000193       NaN       NaN  0.000370       NaN  0.007340       NaN       NaN  0.005635       NaN
6   0.000320       NaN       NaN  0.000424       NaN  0.007867       NaN       NaN  0.010745       NaN
7   0.003371       NaN       NaN       NaN       NaN  0.008100       NaN       NaN       NaN       NaN
8   0.124150       NaN       NaN       NaN       NaN  0.008106       NaN       NaN       NaN       NaN
9   0.124246       NaN       NaN       NaN       NaN  0.008520       NaN       NaN       NaN       NaN
10  0.130786       NaN       NaN       NaN       NaN  0.008808       NaN       NaN       NaN       NaN